((("clean" .
   [0 0 1 0 0])
  ("using" .
   [1 0 0 0 0])
  ("md" .
   [1 0])
  ("ng-app='store'" .
   [0 0 1 1 0 0 0 0 0 0 0 0 0 0])
  ("fantastic" .
   [0 0 0 0 0 0 1 0 0])
  ("h2" .
   [1 0])
  ("h1" .
   [1 0])
  ("body" .
   [1 0 0 0])
  ("dfdf" .
   [1 0 0 0])
  ("econometric" .
   [0 0 0 0 1 0 0 0 0 0 0])
  ("mac-xelatex" .
   [0 0 0 2 0 0 1 0 0 0 0])
  ("panel" .
   [1 0 0 0 0])
  ("参考论文" .
   [0 0 1 0])
  ("**" .
   [1 0])
  ("使用" .
   [1 0])
  ("/image/oneVarFunMax" .
   [0 0 0 0 0 0 0 0 0 0 1 0 0 0 0 0 0 0 0])
  ("UTF8" .
   [1 0 0 0])
  ("./cinfish" .
   [1 0 0 0 0 0 0 0 0])
  ("void" .
   [0 0 1 1])
  ("beta" .
   [1 0 0 0])
  ("//bin/" .
   [0 0 1 0 0 0])
  ("xcode/cplus/Rcc-sum/" .
   [0 0 0 0 0 0 0 0 0 0 0 0 2 0 0 0 0 0 0 0])
  ("xcode/cplus/" .
   [0 0 0 0 0 0 0 1 0 0 0 0])
  ("getcwd" .
   [1 0 0 0 0 0])
  ("os" .
   [2 0])
  ("1000" .
   [1 0 0 0])
  ("gibbs_cpp" .
   [0 0 1 0 0 0 0 0 0])
  ("sum3" .
   [1 0 0 0])
  ("sourceCpp" .
   [0 0 0 2 2 0 0 0 0])
  ("growth" .
   [1 0 0 0 0 0])
  ("inflation1" .
   [1 0 0 0 0 0 0 0 1 0])
  ("inflation" .
   [1 0 0 0 0 0 0 0 0])
  ("foreign" .
   [1 0 0 0 0 0 0])
  ("egypt" .
   [0 0 1 0 0])
  ("group_by" .
   [1 0 0 0 0 0 0 0])
  ("cume_dist" .
   [0 0 0 0 1 0 0 0 0])
  ("ntile" .
   [2 0 0 0 0])
  ("dense_rank" .
   [0 0 0 0 0 1 0 0 0 0])
  ("row_number" .
   [0 0 0 1 0 1 0 0 0 0])
  ("row" .
   [1 0 0])
  ("mutate" .
   [0 0 1 0 0 0])
  ("pwt8.0" .
   [0 0 1 0 0 0])
  ("dplyr" .
   [1 0 0 0 0])
  ("pwt_dt" .
   [1 0 0 0 0 0])
  ("log" .
   [1 0 0])
  ("as.integer" .
   [0 0 0 0 0 1 0 0 0 0])
  ("as.ts" .
   [0 0 0 1 0])
  ("bankData$year" .
   [1 0 0 0 0 0 0 0 0 0 0 0 0])
  ("bankData$L" .
   [2 0 0 0 0 0 0 0 0 0])
  ("bankData" .
   [0 0 0 2 6 0 0 0])
  ("censReg" .
   [0 0 0 0 2 0 0])
  ("bank" .
   [1 0 0 0])
  ("inner_join" .
   [0 0 0 2 2 1 0 0 0 0])
  ("merge" .
   [1 0 0 0 0])
  ("left_join" .
   [0 0 0 0 1 0 0 0 0])
  ("rename" .
   [3 0 0 0 0 0])
  ("vars" .
   [5 0 0 0])
  ("datafunc" .
   [0 0 0 0 0 3 0 0])
  ("csvfiles" .
   [0 0 0 2 1 0 0 0])
  ("cundai" .
   [1 0 0 0 0 0])
  ("separate" .
   [0 0 0 3 0 0 0 0])
  ("buliang_long" .
   [0 0 2 0 0 0 0 1 0 0 0 0])
  ("Quandl" .
   [2 0 0 0 0 0])
  ("Quandl.search" .
   [0 0 0 2 0 0 0 0 0 0 0 0 0])
  ("Sys.getenv" .
   [0 0 0 0 0 0 0 1 0 0])
  ("Sys.time" .
   [0 0 0 0 1 0 0 0])
  ("SimSun" .
   [0 0 0 1 0 0])
  ("8" .
   [5])
  ("extract_numeric" .
   [0 0 0 0 0 0 0 0 0 0 1 0 0 0 0])
  ("extract" .
   [1 0 0 0 0 0 0])
  ("vignette" .
   [0 0 0 1 0 0 0 0])
  ("gather" .
   [3 0 0 0 0 0])
  ("messy" .
   [3 0 0 0 0])
  ("expand.grid" .
   [0 0 0 0 0 0 1 0 0 0 0])
  ("acf" .
   [0 0 1])
  ("afc" .
   [1 0 0])
  ("caiy" .
   [1 0 0 0])
  ("cy" .
   [2 0])
  ("be" .
   [1 1])
  ("rmarkdown::render" .
   [1 0 0 0 0 0 0 0 0 0 0 0 0 0 0 0 0])
  ("rm" .
   [2 0])
  ("mvrnorm" .
   [0 0 0 0 0 1 0])
  ("pretty" .
   [0 0 0 0 1 0])
  ("traceback" .
   [1 0 0 0 0 0 0 0 0])
  ("letters" .
   [1 0 0 0 0 0 0])
  ("objects" .
   [0 0 0 0 1 0 0])
  ("tail" .
   [2 0 0 0])
  ("xndq" .
   [1 0 0 0])
  ("xbdq" .
   [1 0 0 0])
  ("nbyh" .
   [2 0 0 0])
  ("region_data" .
   [1 0 0 0 0 0 0 0 0 0 0])
  ("gtab" .
   [1 0 0 0])
  ("des.tab.cn" .
   [1 0 0 0 0 0 0 0 0 0])
  ("names" .
   [3 0 0 0 0])
  ("data.gr$gdp_gr[" .
   [1 0 0 0 0 0 0 0 0 0 0 0 0 0 0])
  ("des.tab" .
   [2 0 0 0 0 0 0])
  ("scale_x_discrete" .
   [0 0 0 0 0 0 0 0 0 0 0 1 0 0 0 0])
  ("scale_y_continuous" .
   [0 0 0 0 0 0 0 0 0 0 0 1 0 0 0 0 0 0])
  ("theme_bw" .
   [0 0 0 1 3 3 0 0])
  ("ch_data$index_sec" .
   [1 0 0 0 0 0 0 0 0 0 0 0 0 0 0 0 0])
  ("chol" .
   [0 0 1 0])
  ("transform" .
   [0 0 0 0 1 0 0 0 0])
  ("ch_data$index_pri" .
   [0 0 0 0 0 0 0 0 0 0 2 0 0 1 0 0 0])
  ("em.sh.ggg" .
   [0 0 0 0 0 1 0 0 0])
  ("scale_linetype_discrete" .
   [0 0 0 0 0 0 0 0 0 0 0 0 0 0 0 0 0 1 0 0 0 0 0])
  ("scale_linetype" .
   [1 0 0 0 0 0 0 0 1 0 0 0 0 0])
  ("cn.ggg" .
   [1 0 0 0 0 0])
  ("scale_shape_discrete" .
   [0 0 0 0 0 0 0 0 0 0 0 0 0 0 1 0 0 0 0 0])
  ("scale_shape" .
   [1 0 0 0 0 0 0 0 0 0 0])
  ("cn.gg" .
   [1 0 0 0 0])
  ("con.gg" .
   [1 0 0 0 0 0])
  ("annotate" .
   [0 0 0 0 2 0 0 0])
  ("theme" .
   [3 0 0 0 0])
  ("contr.g" .
   [2 0 0 0 0 0 0])
  ("ch_data" .
   [1 0 0 0 1 1 0])
  ("ch_emp$variable" .
   [0 0 0 0 0 0 0 1 0 0 0 0 0 0 0])
  ("ch_emp$year" .
   [1 0 0 0 0 0 0 0 0 0 0])
  ("scale_x_continuous" .
   [0 0 0 0 0 0 0 0 0 2 0 1 0 0 0 0 0 0])
  ("reEm" .
   [1 0 0 0])
  ("regions" .
   [2 0 0 0 0 0 0])
  ("region_dat$bigregion" .
   [0 0 0 0 0 0 0 0 0 0 0 0 0 1 0 0 0 0 0 0])
  ("regionEm" .
   [1 0 0 0 0 0 0 0])
  ("region_dat$year" .
   [1 0 0 0 0 0 0 0 0 0 0 0 0 0 0])
  ("ch_data$year" .
   [1 0 0 0 0 0 0 0 0 0 0 0])
  ("readWorksheet" .
   [0 0 0 0 0 1 0 0 0 0 0 0 0])
  ("loadWorkbook" .
   [0 0 0 0 0 1 0 0 0 0 0 0])
  ("energyLong[3" .
   [1 0 0 0 0 0 0 0 0 0 0 0])
  ("energyLong[4" .
   [1 0 0 0 0 0 0 0 0 0 0 0])
  ("energyLong[5" .
   [1 0 0 0 0 0 0 0 0 0 0 0])
  ("energyLong[" .
   [1 0 0 0 0 0 0 0 0 0 0])
  ("region_dat[" .
   [1 0 0 0 0 0 0 0 0 0 0])
  ("remove" .
   [2 0 0 0 0 0])
  ("region_dat$variable" .
   [0 0 0 0 0 0 0 0 0 0 0 0 1 0 0 0 0 0 0])
  ("region_dat" .
   [0 0 0 0 0 0 7 0 0 0])
  ("energyLong" .
   [1 0 0 0 0 1 1 0 0 0])
  (".packages" .
   [0 0 0 1 0 0 0 0 0])
  ("getOption" .
   [0 0 0 0 1 0 0 0 0])
  ("Seatbelts" .
   [0 0 1 0 0 0 0 0 0])
  ("Sepal.Length" .
   [1 0 0 0 0 0 0 0 0 0 0 0])
  ("library" .
   [0 0 5 15 14 0 1])
  ("id" .
   [1 0])
  ("airquality" .
   [0 0 0 0 1 0 0 0 0 0])
  ("sd" .
   [3 0])
  ("mean" .
   [5 0 0 0])
  ("iris.s" .
   [1 0 0 0 0 0])
  ("iris3" .
   [0 0 0 0 1])
  ("iris.x" .
   [1 0 0 0 0 0])
  ("dd[1" .
   [1 0 0 0])
  ("dd[[1" .
   [1 0 0 0 0])
  ("dd" .
   [1 0])
  ("d[3" .
   [1 0 0])
  ("d[1" .
   [1 0 0])
  ("e1" .
   [1 0])
  ("help" .
   [4 0 0 0])
  ("df$weight" .
   [0 0 0 1 0 0 0 0 0])
  ("df" .
   [8 0])
  ("s$非洲" .
   [0 0 2 0])
  ("s[" .
   [1 0])
  ("s[[2" .
   [1 0 0 0])
  ("ggplot" .
   [1 0 1 0 0 0])
  ("s1$非洲.cname" .
   [0 0 0 1 0 0 0 0 0 0 0])
  ("s1" .
   [3 0])
  ("s[[1" .
   [2 0 0 0])
  ("s[1][[2" .
   [1 0 0 0 0 0 0])
  ("Summary" .
   [0 0 1 3 1 0 0])
  ("s[2" .
   [1 0 0])
  ("s[1" .
   [7 0 0])
  ("deltataPerc$region" .
   [4 0 0 0 0 0 0 0 0 0 0 0 0 0 0 0 0 0])
  ("deltataPerc" .
   [0 0 0 1 3 2 0 0 0 0 0])
  ("tabulate" .
   [0 0 0 1 0 0 0 0])
  ("deltataPerc$cname" .
   [1 0 0 0 0 0 0 0 0 0 0 0 0 1 1 0 0])
  ("prod_dat$cname" .
   [1 0 0 0 0 0 0 0 0 0 0 0 0 0])
  ("prod" .
   [1 0 0 0])
  ("length" .
   [0 0 1 1 1 0])
  ("man_share_data" .
   [0 0 0 0 0 0 1 0 0 0 0 0 0 0])
  ("pbar" .
   [6 0 0 0])
  ("xrng" .
   [1 0 0 0])
  ("yrng" .
   [1 0 0 0])
  ("presidential" .
   [0 0 0 0 1 1 0 0 0 0 0 0])
  ("unemp" .
   [1 0 0 0 0])
  ("geom_line" .
   [1 0 0 0 0 0 0 0 0])
  ("Oxboys" .
   [1 0 0 0 0 0])
  ("scale" .
   [5 0 1 0 0])
  ("geom_vline" .
   [0 0 0 0 0 0 1 0 0 0])
  ("geom_text" .
   [1 0 0 0 0 0 0 0 0])
  ("geom_smooth" .
   [0 0 0 0 0 0 1 1 0 0 0])
  ("geom_point" .
   [0 0 3 1 1 0 0 0 0 0])
  ("dl" .
   [1 0])
  ("dir_list" .
   [1 0 0 1 2 0 0 0])
  ("file_dirs" .
   [1 0 0 0 0 0 0 0 0])
  ("file_dir" .
   [0 0 0 0 1 1 0 0])
  ("rank" .
   [1 0 1 0])
  ("main" .
   [2 0 0 0])
  ("index" .
   [5 0 0 0 0])
  ("lrclink" .
   [1 0 0 0 0 0 0])
  ("lrc" .
   [1 0 0])
  ("mp3" .
   [2 0 0])
  ("get_mp3_name_link" .
   [0 0 0 0 1 0 0 0 0 0 0 0 0 0 0 0 0])
  ("mp3lrc" .
   [2 0 0 0 0 0])
  ("None" .
   [1 0 0 0])
  ("mp3link" .
   [3 0 0 0 0 0 0])
  ("mp3name" .
   [2 0 0 0 0 0 0])
  ("lists" .
   [3 0 0 0 0])
  ("len_art_list" .
   [0 0 0 0 1 0 0 0 0 0 0 0])
  ("len" .
   [5 0 0])
  ("find" .
   [1 0 0 0])
  ("art_table" .
   [1 0 0 0 0 0 0 0 0])
  ("art_lists" .
   [2 0 0 0 0 0 0 0 0])
  ("soup_health" .
   [0 0 0 0 0 0 1 0 0 0 0])
  ("health_url" .
   [0 0 0 0 1 0 0 0 0 0])
  ("get_soup" .
   [0 0 0 0 1 0 0 0])
  ("get" .
   [2 0 0])
  ("myScrapy" .
   [4 0 1 0 0 0 0 0])
  ("base_url" .
   [0 0 0 0 1 0 0 0])
  ("chinese2digits" .
   [0 0 0 1 0 0 0 0 0 0 0 0 0 0])
  ("strip" .
   [1 0 0 0 0])
  ("change" .
   [3 0 0 0 0 0])
  ("exchange" .
   [3 0 0 0 1 0 0 0])
  ("currency" .
   [1 0 1 0 0 0 0 0])
  ("class" .
   [1 0 2 0 1])
  ("col_name" .
   [0 0 0 2 2 2 0 0])
  ("keys" .
   [8 0 0 0])
  ("col_dict" .
   [0 0 0 1 0 0 0 0])
  ("c[3" .
   [1 0 0])
  ("c[1" .
   [1 0 0])
  ("match" .
   [1 0 0 0 0])
  ("DOTALL" .
   [1 0 0 1 0 0])
  ("ur" .
   [1 0])
  ("read" .
   [3 0 0 0])
  ("mat" .
   [4 0 0])
  ("unicode" .
   [1 0 0 1 0 0 0])
  ("ciso" .
   [4 0 0 0])
  ("cname" .
   [1 0 1 0 0])
  ("group" .
   [6 0 0 0 0])
  ("findall" .
   [2 0 0 0 3 0 0])
  ("compile" .
   [1 0 0 1 0 0 0])
  ("line" .
   [10 0 0 0])
  ("readlines" .
   [1 0 0 0 1 0 0 0 0])
  ("with" .
   [6 0 0 0])
  ("mathsf" .
   [1 0 0 0 0 0])
  ("commenttex" .
   [1 0 0 0 0 0 0 0 0 0])
  ("block" .
   [3 0 0 0 0])
  ("argv" .
   [12 0 8 0])
  ("ofile" .
   [4 0 0 0 0])
  ("ifile" .
   [5 0 0 0 0])
  ("mljoin" .
   [1 0 0 0 0 0])
  ("mlsplita" .
   [1 0 0 0 0 0 0 0])
  ("mlsplit" .
   [0 0 1 0 0 0 0])
  ("re" .
   [8 0])
  ("matchlines" .
   [0 0 0 1 0 0 0 0 0 0])
  ("lines" .
   [1 0 0 0 0])
  ("pat" .
   [9 0 0])
  ("open" .
   [6 0 0 0])
  ("经济学院" .
   [0 0 1 0])
  ("head" .
   [22 1 0 1])
  ("header_pin" .
   [0 0 0 0 0 0 0 1 0 0])
  ("writerow" .
   [2 0 0 0 0 0 0 0])
  ("writer" .
   [1 0 0 0 0 0])
  ("header" .
   [3 0 0 0 0 0])
  ("range" .
   [4 0 0 0 0])
  ("0001" .
   [1 0 0 0])
  ("sys" .
   [21 0 0])
  ("import" .
   [13 0 2 1 1 0])
  ("return" .
   [12 0 0 2 0 1])
  ("epsilon" .
   [1 1 0 0 1 0 0])
  ("relerr" .
   [0 0 0 1 0 0])
  ("err" .
   [5 0 0])
  ("def" .
   [17 0 0])
  ("lett" .
   [3 0 0 0])
  ("multi_get_letter" .
   [0 0 2 0 0 0 0 0 0 0 0 0 0 0 0 0])
  ("gfl" .
   [2 0 0])
  ("imp" .
   [1 0 0])
  ("ip" .
   [2 0])
  ("偏好关系" .
   [0 0 1 0])
  ("as" .
   [5 0])
  ("succsim# ≿" .
   [0 0 0 0 0 2 0 0 0 0])
  ("message" .
   [0 0 0 0 0 0 1])
  ("euler" .
   [1 0 0 0 0])
  ("cdots+x" .
   [1 0 0 0 0 0 0])
  ("kf" .
   [1 0])
  ("hom" .
   [2 0 0])
  ("tx" .
   [9 0])
  ("满足" .
   [1 0])
  ("mathscr" .
   [4 0 0 0 0 0 0])
  ("根据包络定理，" .
   [0 0 0 0 1 0 0])
  ("da" .
   [2 0])
  ("y<0" .
   [1 0 0])
  ("dx" .
   [7 0])
  ("y=f" .
   [3 0 0])
  ("dq" .
   [2 0])
  ("rnorm" .
   [1 0 1 0 1])
  ("data.frame" .
   [1 0 1 1 4 1 1 1 0 0])
  ("list" .
   [9 1 0 1])
  ("，其基本用法为：" .
   [0 0 1 0 0 0 0 0])
  ("le" .
   [3 0])
  ("golden3" .
   [0 0 0 0 0 0 1])
  ("png" .
   [1 0 0])
  ("goldenmax" .
   [1 0 0 0 0 0 0 0 0])
  ("求" .
   [1])
  ("将上述代码文件存放matlab" .
   [0 0 0 1 0 0 0 0 0 0 0 0 0 0 0])
  (">" .
   [3])
  ("黄金分割比例" .
   [0 0 0 0 1 0])
  ("b-a" .
   [3 0 0])
  ("I=" .
   [1 0])
  ("定义" .
   [1 0])
  (">0" .
   [1 0])
  ("x=p" .
   [2 0 0])
  ("X" .
   [1])
  ("sec" .
   [1 0 0])
  ("label" .
   [1 0 0 0 0])
  ("=x" .
   [1 0])
  ("newton" .
   [3 0 0 0 0 0])
  ("p1" .
   [14 0])
  ("p0" .
   [19 0])
  ("bisect2" .
   [0 0 1 0 0 0 0])
  ("的近似解。" .
   [1 0 0 0 0])
  ("bisec" .
   [1 0 0 0 0])
  ("之间；" .
   [1 0 0])
  ("，那么解存在" .
   [0 0 0 0 1 0])
  ("/2" .
   [1 0])
  ("a+b" .
   [1 0 0])
  ("p" .
   [27])
  ("<0" .
   [9 0])
  ("*f" .
   [3 0])
  ("，满足" .
   [1 0 0])
  ("二分法" .
   [1 0 0])
  ("g'" .
   [2 0])
  ("fixdiv" .
   [1 0 0 0 0 0])
  ("7in" .
   [1 0 0])
  ("6" .
   [7])
  ("fixconv" .
   [1 0 0 0 0 0 0])
  ("7" .
   [3])
  ("所示。" .
   [2 0 0])
  ("fixpt" .
   [1 0 0 0 0])
  ("=3" .
   [1 0])
  ("-20" .
   [1 0 0])
  ("b=" .
   [1 0])
  ("练习题" .
   [1 0 0])
  ("plot3" .
   [2 0 0 0 0])
  ("r" .
   [7])
  ("线型图" .
   [1 0 0])
  ("3-D" .
   [2 0 0])
  ("D" .
   [1])
  ("图形" .
   [1 0])
  ("设置坐标轴属性" .
   [1 0 0 0 0 0 0])
  ("doubley" .
   [1 0 0 0 0 0 0])
  ("轴图形" .
   [2 0 0])
  ("func1" .
   [1 0 0 0 0])
  ("v" .
   [1])
  ("quote" .
   [2 0 0 0 0])
  ("while" .
   [8 0 0 0 0])
  ("j" .
   [1])
  ("verbatim" .
   [1 0 1 4 3 3 0 0])
  ("function" .
   [4 0 0 11 2 0 0 0])
  ("gseid" .
   [1 0 0 0 0])
  ("赛德尔迭代法" .
   [0 0 0 1 0 0])
  ("first" .
   [0 0 0 1 0])
  ("z" .
   [5])
  ("jj" .
   [0 1])
  ("subsubsection" .
   [3 0 0 0 0 0 0 0 3 1 0 0 0])
  ("max1" .
   [2 0 0 0])
  ("delta" .
   [6 0 0 0 1])
  ("jacobi" .
   [4 1 0 0 0 0])
  ("N" .
   [1])
  ("-a" .
   [1 0])
  ("k+1" .
   [18 0 0])
  ("5-x-y" .
   [1 0 0 0 0])
  ("nonumber" .
   [0 0 1 1 0 0 0 0])
  ("或者用" .
   [0 0 1])
  ("其中" .
   [1 0])
  ("Hilbert" .
   [0 0 0 1 0 0 0])
  ("hilb" .
   [1 0 0 0])
  ("Pascal" .
   [0 0 0 1 0 0])
  ("magic" .
   [1 0 0 0 0])
  ("命令：" .
   [1 0 0])
  ("5" .
   [18])
  ("taylor" .
   [1 0 0 0 0 0])
  ("Taylor" .
   [0 0 1 0 0 0])
  ("mpl" .
   [0 0 1])
  ("pdfsync" .
   [2 0 5 2 0 0 0])
  ("q" .
   [5])
  ("section" .
   [3 0 1 2 1 0 0])
  ("diff" .
   [3 0 0 0])
  ("lim" .
   [1 0 0])
  ("y" .
   [20])
  ("sin" .
   [2 0 0])
  ("x" .
   [95])
  ("求极限" .
   [1 0 0])
  ("x0" .
   [3 0])
  ("rightarrow# →" .
   [0 0 0 0 0 1 2 0 0 0 0 1 0])
  ("right" .
   [5 0 0 0 0])
  ("fun" .
   [1 0 0])
  ("limit" .
   [4 0 0 0 0])
  ("setcounter" .
   [0 0 0 0 0 0 1 0 0 0])
  ("subplot" .
   [1 0 0 0 0 0 0])
  ("lstset" .
   [0 0 0 1 0 0])
  ("beamer" .
   [0 0 0 0 0 1])
  ("ones" .
   [0 0 1 0])
  ("rule" .
   [2 0 0 0])
  ("tableofcontents" .
   [0 0 0 0 0 1 0 0 0 0 0 0 0 0 0])
  ("9" .
   [2])
  ("pdf" .
   [10 0 0])
  ("plot是最基本的二维绘图函数，其用法：" .
   [1 0 0 0 0 0 0 0 0 0 0 0 0 0 0 0 0 1 0 0])
  ("title" .
   [0 0 0 1 0])
  ("plot" .
   [6 1 0 0])
  ("graphics" .
   [1 0 0 0 0 0 0 0])
  ("i-1" .
   [1 0 0])
  ("by" .
   [2 0])
  ("that" .
   [1 0 0 0])
  ("1l" .
   [1 0])
  ("foc2" .
   [1 0 0 0])
  ("foc1" .
   [1 0 0 0])
  ("+b" .
   [1 0])
  ("1-l" .
   [5 0 0])
  ("ln" .
   [15 0])
  ("t-1" .
   [7 0 0])
  ("基本的真实经济周期模型" .
   [0 0 1 0 0 0 0 0 0 0 0])
  ("pgfpages" .
   [0 0 1 0 0 0 0 0])
  ("李国民" .
   [1 0 0])
  ("时资本和知识增长率的动态学" .
   [0 0 0 0 0 0 1 0 0 0 0 0 0])
  ("88" .
   [2 0])
  ("E" .
   [1])
  ("e" .
   [5])
  ("tikzpicture" .
   [0 0 0 0 1 0 0 0 0 0 0])
  ("当" .
   [3])
  ("figure" .
   [20 0 0 0 0 0])
  ("fig" .
   [16 0 1])
  ("ref" .
   [21 0 0])
  ("a" .
   [30])
  ("，" .
   [4])
  ("rknow" .
   [0 0 1 0 0])
  ("=B" .
   [2 0])
  ("其相图为" .
   [1 0 0 0])
  ("A=0" .
   [1 0 0])
  ("K=0" .
   [1 0 0])
  ("n=0" .
   [2 0 0])
  ("=g" .
   [5 0])
  ("*" .
   [10])
  ("因此，" .
   [1 0 0])
  ("theta=1" .
   [2 0 0 0 0 0 0])
  ("theta<1" .
   [3 0 0 0 0 0 0])
  ("在" .
   [7])
  ("theta-1" .
   [2 0 0 0 0 0 0])
  ("=c" .
   [1 0])
  ("的增长率为" .
   [0 0 0 0 1])
  ("ncapitalg" .
   [0 0 0 1 0 0 0 0 0])
  ("1-a" .
   [4 0 0])
  ("equiv# ≡" .
   [0 0 0 0 1 0 0 0])
  ("saving" .
   [1 0 0 0 0 0])
  ("prodf" .
   [3 0 0 0 0])
  ("pro" .
   [1 0 0])
  ("情形1：" .
   [1 0 0 0])
  ("pop" .
   [1 0 0])
  ("。" .
   [10])
  ("B" .
   [2])
  ("n" .
   [25])
  ("和" .
   [7])
  ("是" .
   [1])
  ("但" .
   [1])
  ("K" .
   [28])
  ("=" .
   [34])
  ("A" .
   [42])
  ("o" .
   [1])
  ("optimal" .
   [1 0 0 0 0 0 0])
  ("the" .
   [11 0 0])
  ("for" .
   [30 0 0])
  ("setup" .
   [1 0 0 0 0])
  ("noindent" .
   [1 0 0 0 0 0 0 0])
  ("ssk" .
   [0 0 1])
  ("conti" .
   [1 0 0 0 0])
  ("=f" .
   [2 0])
  ("1+" .
   [4 1])
  ("tcap" .
   [1 0 0 0])
  ("psi" .
   [1 0 0])
  ("其中，" .
   [2 0 1])
  ("为最优化的欧拉方程。将次欧拉方程和上面的两个约" .
   [0 1 0 0 0 0 0 0 0 0 0 0 0 0 0 0 0 0 0 0 0 0 0])
  ("and" .
   [9 0 0])
  ("-f'" .
   [3 0 0])
  ("k" .
   [44])
  ("1+n" .
   [6 0 0])
  ("centering" .
   [1 0 0 0 0 0 1 0 0])
  ("ss" .
   [2 0])
  ("eqeq@ ⩵" .
   [0 0 0 0 0 1 0])
  ("factprice" .
   [0 0 0 2 0 0 0 0 0])
  ("eqref" .
   [26 0 1 1 1])
  ("t=0" .
   [2 0 0])
  ("begin" .
   [37 0 4 1 0])
  ("olg" .
   [2 0 0])
  ("L" .
   [28])
  ("=L" .
   [1 0])
  ("delta=1" .
   [1 0 0 0 0 0 0])
  ("maxu" .
   [2 0 1 0])
  ("u'" .
   [2 0])
  ("+" .
   [15])
  ("1" .
   [113])
  ("u" .
   [5])
  ("ms" .
   [0 1])
  ("t+1" .
   [25 6 1])
  ("2" .
   [54])
  ("l" .
   [8])
  ("i" .
   [9])
  ("its" .
   [7 0 0])
  ("equation" .
   [0 0 14 1 0 0 0 0])
  ("c" .
   [37])
  ("frame" .
   [11 0 0 0 0])
  ("R" .
   [1])
  ("second" .
   [1 0 0 0 0 0])
  ("=0" .
   [11 0])
  ("x>0" .
   [0 1 0])
  ("20" .
   [2 1])
  ("f'" .
   [10 1])
  ("is" .
   [12 0])
  ("test" .
   [1 0 0 0])
  ("frametitle" .
   [0 0 0 0 0 3 0 0 0 0])
  ("search" .
   [3 0 0 0 0 0])
  ("in" .
   [13 0])
  ("conf" .
   [1 0 0 0])
  ("ido-mode" .
   [0 0 0 1 0 0 0 0])
  ("ido" .
   [1 0 0])
  ("require" .
   [0 0 1 1 0 0 0])
  ("file" .
   [10 0 0 1])
  ("email" .
   [2 0 0 1 0])
  ("dirs" .
   [0 0 0 1])
  ("tikz" .
   [4 0 0 5])
  ("forvalue lname=range {...}" .
   [0 0 0 0 1 1 0 0 0 0 0 0 0 0 0 0 0 0 0 0 0 0 0 0 0 0])
  ("foreach..in..{..}" .
   [0 0 0 0 1 0 0 0 0 0 0 0 0 0 0 0 0])
  ("frac" .
   [8 0 0 1])
  ("equation*" .
   [2 0 0 0 0 0 0 0 0])
  ("eq" .
   [51 0])
  ("t" .
   [103])
  ("f" .
   [52])
  ("where" .
   [2 0 0 0 0])
  ("10" .
   [3 2])
  ("align" .
   [2 0 2 1 0])
  ("item" .
   [34 0 1 1])
  ("itemize" .
   [1 0 0 0 9 0 0])
  ("w" .
   [11])
  ("beamertemplatebookbibitems" .
   [0 0 0 0 0 0 1 0 0 0 0 0 0 0 0 0 0 0 0 0 0 0 0 0 0 0])
  ("split" .
   [19 2 0 0 0])
  ("enumerate" .
   [0 0 0 0 3 0 0 0 0])
  ("usepackage" .
   [0 0 0 3 2 1 0 0 0 0])
  ("draw" .
   [3 0 0 0])
  ("0" .
   [40])
  ("3" .
   [19])
  ("4" .
   [9])
  ("footnote" .
   [0 0 1 1 1 0 0 0])
  ("add-to-list" .
   [0 0 0 0 0 0 0 0 0 0 1])
  ("load-path" .
   [0 0 0 0 1 0 0 0 0])
  ("matlab" .
   [4 0 0 1 0 0])
  ("matlab-load" .
   [0 0 0 0 0 0 0 1 0 0 0])
  ("30" .
   [0 1])
  ("fra" .
   [0 1 0])
  ("sum" .
   [1 0 0])
  ("leftroot@=" .
   [0 0 0 1 0 0 0 0 0 0])
  ("left" .
   [3 0 0 1])
  ("g" .
   [39])
  ("initial" .
   [1 0 0 0 0 0 0])
  ("debt" .
   [1 0 0 0])
  ("1+r" .
   [6 0 0])
  ("d" .
   [19])
  ("intcon" .
   [1 0 0 0 0 0])
  ("gconst" .
   [1 0 0 0 0 0])
  ("period" .
   [1 0 0 0 0 0])
  ("agrown" .
   [0 0 0 1 0 0])
  ("pagebreak" .
   [0 0 0 0 1 1 0 0 0])
  ("B>0" .
   [1 0 0])
  ("to" .
   [3 0])
  ("b" .
   [24])
  ("m|" .
   [1 0])
  ("heiti" .
   [3 0 0 0 0])
  ("task" .
   [34 0 0 0])
  ("m" .
   [11])
  ("thetask" .
   [1 0 0 0 0 0 0])
  ("chapter" .
   [2 0 0 2 0 0 0])
  ("newcommand" .
   [0 0 0 0 0 0 2 0 0 0])
  ("thechapter" .
   [0 0 0 0 0 1 0 0 0 0])
  ("arabic" .
   [0 0 0 1 0 0])
  ("exercise" .
   [0 0 0 0 1 1 0 1])
  ("refstepcounter" .
   [1 0 0 2 1 0 0 0 0 0 0 0 0 0])
  ("textbf" .
   [1 0 0 1 1 0])
  ("theexercise" .
   [0 0 0 0 0 1 0 0 0 0 0])
  ("hspace" .
   [1 0 0 0 0 0])
  ("5em" .
   [1 0 0])
  ("exer" .
   [9 0 0 0])
  ("Matlab" .
   [9 0 0 0 1 1])
  ("lstlisting" .
   [0 0 1 4 4 6 0 0 0 0])
  (">>" .
   [39 0])
  ("tables" .
   [0 0 0 0 0 3])
  ("tab-syscons" .
   [0 0 0 0 0 1 0 0 0 0 0])
  ("-1" .
   [2 0])
  ("marginpar" .
   [0 0 0 0 0 1 0 0 0])
  ("HandLeft" .
   [0 0 0 0 1 0 0 0])
  ("subsection" .
   [3 0 0 1 0 3 3 2 0 1])
  ("数值显示格式" .
   [0 0 0 0 1 0])
  ("ll" .
   [1 0])
  ("textcolor" .
   [0 0 0 0 0 1 0 0 0])
  ("cyan" .
   [1 0 0 0])
  ("pi'" .
   [1 0 0])
  ("marker'" .
   [1 0 0 0 0 0 0])
  ("'ks'" .
   [2 0 0 0])
  ("'b'" .
   [1 0 0])
  ("'r'" .
   [1 0 0])
  ("verb|cd" .
   [0 0 0 0 1 0 0])
  ("|" .
   [6])
  ("verb" .
   [0 0 0 1])
  ("frame=single" .
   [0 0 0 0 0 0 0 1 0 0 0 0])
  ("tab-plot" .
   [1 0 0 0 0 0 0 0])
  ("hline" .
   [0 0 1 0 0])
  ("expr" .
   [2 0 0 0])
  ("的解析解" .
   [0 0 1 0])
  ("s" .
   [7])
  ("r=solve" .
   [1 0 0 0 0 0 0])
  ("var" .
   [8 0 0])
  ("syms" .
   [2 0 0 0])
  ("2+1" .
   [1 0 0])
  ("mathbf" .
   [7 0 2 0 3 1])
  ("F" .
   [3])
  ("P" .
   [9])
  ("math" .
   [0 0 1 2])
  ("bmatrix" .
   [0 0 1 2 0 0 0])
  ("J" .
   [1])
  ("牛顿---拉夫森迭代法" .
   [0 0 0 0 0 0 0 0 1 0 0])
  ("end" .
   [1 0 0])
  ("<" .
   [2])
  ("quad" .
   [8 0 0 0])
  ("-x" .
   [1 0])
  ("n+1" .
   [1 0 0])
  ("为不动点近似值" .
   [0 0 0 0 1 0 0])
  ("不动点定理" .
   [1 0 0 0 0])
  ("的" .
   [1])
  ("p1-p0" .
   [2 0 0 0 0])
  ("m=" .
   [1 0])
  ("0-f" .
   [1 0 0])
  ("p2" .
   [2 0])
  ("，可得" .
   [1 0 0])
  ("k-1" .
   [5 0 0])
  ("k-p" .
   [1 0 0])
  ("secant" .
   [2 0 0 0 0 0])
  ("=b" .
   [1 0])
  ("min" .
   [4 0 0])
  ("H" .
   [1])
  ("minipage" .
   [1 0 0 0 0 0 0 0])
  ("最大化一阶条件：" .
   [0 0 1 0 0 0 0 0])
  ("最大化二阶条件：" .
   [0 0 0 1 0 0 0 0])
  ("dy" .
   [3 0])
  ("11" .
   [8 1])
  ("22" .
   [7 0])
  ("21" .
   [2 0])
  ("12" .
   [5 0])
  ("foot" .
   [0 0 0 1])
  ("eqdy" .
   [1 0 0 0])
  ("mathrm" .
   [1 0 0 0 1 0])
  ("not" .
   [4 0 0])
  ("ac2" .
   [1 0 0])
  ("Y" .
   [3])
  ("Hall" .
   [1 0 0 0])
  ("1978" .
   [1 0 0 0])
  ("=E" .
   [2 0])
  ("Summmers" .
   [0 0 0 1 0 0 0 0])
  ("t=1" .
   [1 0 0])
  ("C" .
   [8])
  ("right=2" .
   [1 0 0 0 0 0 0])
  ("partopsep" .
   [0 0 0 0 0 0 0 0 1])
  ("So" .
   [0 1])
  ("+e" .
   [1 0])
  ("，we" .
   [0 1 0])
  ("T-1" .
   [1 0 0])
  ("t=2" .
   [1 0 0])
  ("allowframebreaks" .
   [0 0 0 0 0 1 0 0 0 0 0 0 0 0 0 0])
  ("p_x" .
   [4 0 0])
  ("mu_x" .
   [1 0 0 0])
  ("mu_y" .
   [1 0 0 0])
  ("solve" .
   [2 0 0 0 0])
  ("x_e" .
   [1 0 0])
  ("p_y" .
   [3 0 0])
  ("U_in" .
   [1 0 0 0])
  ("subs" .
   [1 0 0 0])
  ("python" .
   [1 0 0 0 0 1])
  ("cube" .
   [3 0 0 0])
  ("ans" .
   [8 0 0])
  ("if" .
   [7 0])
  ("abs" .
   [3 0 0])
  ("perfect" .
   [1 0 0 0 0 0 0])
  ("print" .
   [43 0 0 0 0])
  ("root" .
   [0 0 1 0])
  ("str" .
   [15 0 0])
  ("setq" .
   [1 0 0 0])
  ("data" .
   [15 0 0 0])
  ("stri" .
   [1 0 0 0])
  ("decode" .
   [2 0 0 0 0 0])
  ("encode" .
   [3 0 1 0 0 0])
  ("gbk" .
   [1 0 0])
  ("join" .
   [2 0 0 0])
  ("jieba" .
   [3 0 0 0 0])
  ("analyse" .
   [0 0 0 1 0 0 0])
  ("cut" .
   [1 0 0])
  ("cut_all" .
   [0 0 0 0 1 0 0])
  ("False" .
   [1 0 0 0 0])
  ("text" .
   [2 0 0 0])
  ("csv" .
   [1 0 0])
  ("filename" .
   [0 0 0 0 1 0 0 0])
  ("monitor" .
   [0 0 0 0 0 1 0])
  ("time" .
   [2 0 0 0])
  ("doc" .
   [1 0 0])
  ("tree" .
   [3 0 0 0])
  ("xpath" .
   [1 0 0 0 0])
  ("lxml" .
   [1 0 0 0])
  ("Requests" .
   [1 0 0 0 0 0 0 0])
  ("height=0" .
   [1 0 0 0 0 0 0 0])
  ("textheight" .
   [0 0 0 0 0 1 0 0 0 0])
  ("中文标题" .
   [1 0 0 0])
  ("blue" .
   [1 0 0 0])
  ("skips" .
   [1 0 0 0 0])
  ("center" .
   [1 0 0 0 0 0])
  ("utility" .
   [1 0 0 0 0 0 0])
  ("functions" .
   [1 0 0 0 0 0 0 0 0])
  ("myl" .
   [1 0 0])
  ("scrape_countryiso" .
   [0 0 0 0 0 1 0 0 0 0 0 0 0 0 0 0 0])
  ("url" .
   [8 0 0])
  ("iso3" .
   [4 0 0 0])
  ("name" .
   [3 0 0 0])
  ("namecn" .
   [3 0 0 0 0 0])
  ("soup" .
   [1 0 0 0])
  ("findAll" .
   [3 0 0 0 0 0 0])
  ("string" .
   [2 0 0 0 0 0])
  ("cells" .
   [1 0 0 0 0])
  ("table" .
   [1 0 0 0 0])
  ("find_all" .
   [3 0 0 0 0 0 0 0])
  ("install.packages" .
   [0 0 0 0 2 2 0 4 0 0 0 0 0 0 0 0])
  ("listFromMlist" .
   [0 0 0 0 1 0 0 0 0 0 0 0 0])
  ("lsfit" .
   [0 0 1 0 0])
  ("sectlp[year" .
   [2 0 0 0 0 0 0 0 0 0 0])
  ("sum_emp[2005" .
   [1 0 0 0 0 0 0 0 0 0 0 0])
  ("sum_emp[year" .
   [1 0 0 0 0 0 0 0 0 0 0 0])
  ("sectemp[year" .
   [1 0 0 0 0 0 0 0 0 0 0 0])
  ("sectlp" .
   [0 0 1 1 0 0])
  ("sectemp" .
   [3 0 0 0 0 0 0])
  ("sec[year" .
   [1 0 0 0 0 0 0 0])
  ("force" .
   [0 0 0 1 0])
  ("jingji" .
   [2 0 0 0 0 0])
  ("鼠须管默认输入是繁体输入，干什么不干你，需要切换到简体时，用快捷键c+~，" .
   [0 0 0 2 0 0 0 0 0 0 0 0 0 0 0 0 0 0 0 0 0 0 0 0 0 0 0 0 0 0 0 0 0 0 0 0 0])
  ("我们去经济学" .
   [0 0 1 0 0 0])
  ("新诗醉墨时一挥" .
   [0 0 1 0 0 0 0])
  ("given" .
   [1 0 0 0 0])
  ("Calculate" .
   [0 0 1 2 0 0 0 0 0])
  ("Find" .
   [4 0 0 0])
  ("inputs" .
   [3 0 0 0 0 0])
  ("Consider" .
   [0 0 0 1 0 1 0 0])
  ("production" .
   [1 0 0 0 0 1 0 0 0 0])
  ("two" .
   [1 0 0])
  ("prices" .
   [1 0 0 0 0 0])
  ("cost" .
   [20 0 0 0])
  ("MRTS" .
   [1 0 0 0])
  ("MP" .
   [1 0])
  ("of" .
   [1 0])
  ("substitution" .
   [0 0 0 0 0 0 1 0 0 0 0 0])
  ("derived" .
   [1 0 0 0 0 0 0])
  ("demand" .
   [0 0 0 1 0 0])
  ("try" .
   [7 0 0])
  ("requests" .
   [1 0 0 1 0 0 0 0])
  ("files" .
   [5 0 0 0 0])
  ("append" .
   [1 0 0 1 0 0])
  ("file_init" .
   [0 0 0 0 1 1 0 0 0])
  ("format" .
   [2 0 0 0 0 0])
  ("ndata" .
   [1 0 0 0 0])
  ("else" .
   [2 0 0 0])
  ("except" .
   [2 0 0 0 1 0])
  ("ecod" .
   [4 0 0 0])
  ("sessionInfo" .
   [0 0 0 1 1 0 0 0 0 0 0])
  ("Sys.setlocale" .
   [1 0 0 0 1 1 0 0 0 0 0 0 0])
  ("facet_wrap" .
   [0 0 0 3 3 2 0 0 0 0])
  ("geom_histogram" .
   [0 0 0 0 0 0 0 0 1 0 0 0 0 0])
  ("geom_bar" .
   [1 0 0 0 0 0 0 0])
  ("coord" .
   [0 0 0 1 0])
  ("coord_flip" .
   [0 0 0 0 1 0 0 1 0 0])
  ("power" .
   [1 0 0 0 0])
  ("as.numeric" .
   [0 0 0 1 0 4 3 0 0 0])
  ("sapply" .
   [0 0 0 1 1 0])
  ("ave" .
   [2 0 0])
  ("write" .
   [0 0 0 1 0])
  ("state.x77" .
   [0 0 0 0 1 0 0 0 0])
  ("as.data.frame" .
   [0 0 0 0 0 0 1 1 0 0 0 0 0])
  ("crime" .
   [1 0 0 0 0])
  ("factor" .
   [1 0 0 0 0 0])
  ("na.omit" .
   [0 0 0 1 0 0 0])
  ("labs" .
   [1 0 0 0])
  ("ncol" .
   [1 0 0 0])
  ("count" .
   [1 0 0 0 0])
  ("country.va.sh" .
   [0 0 0 0 0 0 0 1 1 0 0 0 0])
  ("data.c" .
   [4 0 0 0 0 0])
  ("data$iso3c" .
   [1 0 0 0 0 0 0 0 0 0])
  ("ciso2$iso3c" .
   [1 0 0 0 0 0 0 0 0 1 0])
  ("data.c$iso3c" .
   [0 0 0 0 0 0 0 0 0 0 1 0])
  ("ls" .
   [5 0])
  ("country.mean" .
   [1 0 0 0 0 0 1 0 0 1 0 0])
  ("version" .
   [0 0 0 1 0 0 0])
  ("dt" .
   [6 0])
  ("data.table" .
   [0 0 0 0 0 0 1 0 0 0])
  ("dt[1" .
   [1 0 0 0])
  ("dt[" .
   [7 0 0])
  ("searchpaths" .
   [1 0 0 0 0 0 0 0 0 0 0])
  ("WDIsearch" .
   [0 0 0 0 0 1 0 0 0])
  ("salary.me" .
   [1 0 0 0 0 0 0 0 0])
  ("region_data$year" .
   [1 0 0 0 0 0 0 0 0 0 0 0 0 0 0 0])
  ("ddply" .
   [0 0 1 0 0])
  ("TRUE@" .
   [1 0 0 0 0])
  ("stargazer" .
   [0 0 2 4 3 1 1 0 0])
  ("ht" .
   [1 0])
  ("fix.reg" .
   [3 0 0 0 0 0 0])
  ("data.east" .
   [3 0 0 0 0 0 0 0 0])
  ("data.mid" .
   [3 0 0 0 0 0 0 0])
  ("data.west" .
   [2 0 0 0 0 0 0 0 0])
  ("secem" .
   [1 0 0 0 0])
  ("cps" .
   [6 0 0])
  ("cps_lm" .
   [3 0 0 0 0 0])
  ("cps_rq" .
   [0 0 0 1 0 0])
  ("cps_sep" .
   [2 0 0 0 0 0 0])
  ("cps_sep_cf" .
   [1 0 0 0 0 0 0 0 0 0])
  ("getwd" .
   [5 0 0 0 0])
  ("knit2html" .
   [0 0 0 0 0 1 0 0 0])
  ("de" .
   [1 0])
  ("from" .
   [4 0 0 0])
  ("django" .
   [1 0 0 0 1 0])
  ("HttpResponse" .
   [0 0 0 2 2 3 0 0 0 0 0 0])
  ("view" .
   [1 0 0 0])
  ("hitest" .
   [1 0 0 0 0 0])
  ("hello" .
   [2 0 0 0 0])
  ("req" .
   [6 0 0])
  ("strftime" .
   [2 0 0 0 0 0 0 0])
  ("date" .
   [2 0 0 0])
  ("ctime" .
   [2 0 0 0 0])
  ("number" .
   [5 0 0 0 0 0])
  ("int" .
   [5 0 0])
  ("ValueError" .
   [0 0 0 0 1 0 0 0 0 0])
  ("raise" .
   [1 0 0 0 0])
  ("msg" .
   [3 0 0])
  ("num" .
   [6 0 0])
  ("input" .
   [1 0 0 0 0])
  ("show" .
   [2 0 0 0])
  ("Http404" .
   [1 0 0 0 0 0 0])
  ("template" .
   [3 0 0 0 0 1 0 0])
  ("Template" .
   [1 0 0 0 0 0 0 0])
  ("close" .
   [1 0 0 0 0])
  ("Context" .
   [1 0 0 0 0 0 0])
  ("render" .
   [1 0 0 0 0 0])
  ("con" .
   [1 0 0])
  ("guomin" .
   [2 0 0 0 0 0])
  ("generatorepr" .
   [0 0 0 0 0 0 0 0 0 1 0 0])
  ("every_day" .
   [2 0 0 0 0 0 0 0 0])
  ("numdays" .
   [6 0 0 7 0 0 1])
  ("itertools" .
   [1 0 0 0 0 0 0 0 0])
  ("islice" .
   [1 0 0 0 0 0])
  ("date_generator" .
   [0 0 0 0 4 0 0 0 0 0 0 0 0 0])
  ("days" .
   [1 0 0 0])
  ("dates" .
   [11 0 0 0 0])
  ("list_dately" .
   [0 0 0 0 1 3 0 0 0 0 0])
  ("dayly" .
   [13 0 0 0 0])
  ("next" .
   [1 0 0 0])
  ("date_list" .
   [3 0 0 0 0 0 1 0 0])
  ("begin_day" .
   [0 0 4 2 3 1 0 0 0])
  ("datetime" .
   [2 0 0 0 0 0 0 0])
  ("strptime" .
   [0 0 0 0 1 0 0 0])
  ("weeks" .
   [3 0 0 0 0])
  ("gen_week" .
   [0 0 0 0 1 0 0 0])
  ("dates1" .
   [2 0 0 0 0 0])
  ("payoff" .
   [2 0 0 0 0 0])
  ("removed" .
   [1 0 0 0 0 0 0])
  ("pub" .
   [1 0 0])
  ("I" .
   [1])
  ("I-p" .
   [1 0 0])
  ("curve" .
   [1 0 0 2 0])
  ("100" .
   [1 0 0])
  ("400" .
   [0 0 1])
  ("200" .
   [1 0 0])
  ("json" .
   [1 0 0 0])
  ("loads" .
   [1 0 0 0 0])
  ("jdata" .
   [4 0 0 0 0])
  ("value" .
   [2 0 0 0 0])
  ("tabledata" .
   [0 0 0 0 0 0 0 1 0])
  ("key" .
   [1 0 0])
  ("indexdata" .
   [1 0 0 0 0 0 0 0 0])
  ("times" .
   [1 0 0 0 0])
  ("family" .
   [0 0 0 1 0 0])
  ("par" .
   [2 0 0])
  ("Sys.getlocale" .
   [0 0 0 0 0 0 1 0 0 0 0 0 0])
  ("documentclass" .
   [0 0 0 0 2 0 0 0 0 0 0 0 0])
  ("document" .
   [0 0 2 0 0 0 0 0])
  ("以外的其他财货" .
   [0 0 0 1 0 0 0])
  ("Max" .
   [1 0 0])
  ("theta# θ" .
   [0 0 1 0 0 0 0 0])
  ("的边际替代率等于" .
   [1 0 0 0 0 0 0 0])
  ("特征属性的边际出价。" .
   [0 0 0 0 0 1 0 0 0 0])
  ("im" .
   [1 0])
  ("pause" .
   [1 0 0 0 0])
  ("colors" .
   [1 0 0 0 0 0])
  ("rainbow" .
   [0 0 0 1 0 0 0])
  ("mycolors" .
   [0 0 1 0 0 0 0 0])
  ("pie" .
   [1 0 0])
  ("ls.str" .
   [1 0 0 0 0 0])
  ("getAccess" .
   [0 0 0 0 0 1 0 0 0])
  ("getArgHelp" .
   [0 0 0 0 0 1 0 0 0 0])
  ("jitter" .
   [0 0 1 0 0 0])
  ("read.csv" .
   [4 0 0 0 0 0 0 0])
  ("buliang" .
   [1 0 0 5 0 0 0])
  ("select" .
   [2 0 0 1 0 0])
  ("setwd" .
   [3 0 0 0 0])
  ("pdata.frame" .
   [0 0 1 0 0 0 0 0 0 0 0])
  ("pBankData" .
   [0 0 0 0 0 1 0 0 0])
  ("kappa" .
   [2 0 0 0 0])
  ("theta" .
   [5 0 0 0 0])
  ("0.36" .
   [1 0 0 0])
  ("rep" .
   [2 0 0])
  ("lamda" .
   [1 0 0 0 0])
  ("lambda" .
   [4 0 0 0 0 0])
  ("roe" .
   [2 0 0])
  ("0.2" .
   [1 0 0])
  ("K0" .
   [2 0])
  ("120" .
   [1 0 0])
  ("2:120" .
   [1 0 0 0 0])
  ("browser" .
   [0 0 0 1 0 0 0])
  ("quit" .
   [1 0 0 0])
  ("clearPushBack" .
   [0 0 0 0 0 1 0 0 0 0 0 0 0])
  ("uk_gdp" .
   [2 0 1 0 0 0])
  ("write.csv" .
   [1 0 0 0 0 0 0 0 0])
  ("us_gdp" .
   [1 0 0 0 0 0])
  ("gdp" .
   [3 0 0])
  ("html" .
   [4 0 0 0])
  ("html_table" .
   [1 0 0 0 0 0 0 0 0 0])
  ("html_text" .
   [0 0 1 1 0 0 0 0 0])
  ("html_node" .
   [1 0 0 0 0 0 0 1 0])
  ("usgdp" .
   [1 0 0 0 0])
  ("./sumRcpp" .
   [0 0 1 0 0 0 0 0 0])
  ("cppSource" .
   [0 0 0 0 1 0 0 0 0])
  ("fitmodel" .
   [0 0 0 0 1 0 0 0])
  ("mach_port_t" .
   [1 0 0 0 0 0 0 0 0 0 1])
  ("struct" .
   [0 1 0 0 0 0])
  ("unsigned" .
   [0 0 0 0 0 0 0 2])
  ("sigvec" .
   [0 0 0 1 0 0])
  ("vector" .
   [0 0 0 2 0 0])
  ("figurename" .
   [0 0 0 1 0 0 0 0 0 0])
  ("/image/utmax" .
   [0 0 0 0 0 0 0 0 1 0 0 0])
  ("all" .
   [2 0 0])
  ("2015" .
   [1 0 0 0])
  ("li" .
   [2 0])
  ("/li" .
   [2 0 0])
  ("online" .
   [1 0 0 0 0 0])
  ("epsilon@ ϵ" .
   [0 0 0 1 0 0 0 0 0 0])
  ("tao" .
   [1 0 0])
  ("mu" .
   [1 0])
  ("eparsl# ⧣" .
   [0 0 1 0 0 0 0 0 0])
  ("epsilon# ϵ" .
   [0 0 0 2 1 0 0 0 0 0])
  ("研究主题" .
   [1 0 0 0])
  ("csl" .
   [1 0 0])))
